0000000000000000001000001
0001000000000000000000001
0010000000000000001000001
0011000000000000000000001
0100000000000000001000001
0101000000000000000000001
0110000000000000001000001
0111000000000000000000001
1111110000000100000000001
0000000000000000001100010
0001000000000000000000010
0010000000000000000100010
0011000000000000000000010
0100000000000000010100010
0101000000000000000000010
0110000000000000011100010
0111000000000000000000010
1111110000000100000100001
0000000000000000010000011
0001000000000000000000011
0010000000000000000000011
0011000000000000000000011
0100000000000000001000011
0101000000000000001000011
0110000000000000001100011
0111000000000000000100011
1111110000000100000100001
1111110000000100000100001
1000000011000100000100100
1000100011000100000100101
1001000011000100000100110
1001100011000100000100111
1010000011000100000101000
1010100011000100000101001
1011000011000100000101010
1011100011000100000101011
1111110000000100000101100
1111110001000110000101101
1111110010000100000101110
1111110011000100000101111
1111110100000100000110000
1111110101000110001010001
1111110110000110000110010
1111110111000110000110010
1111111000000110001010011
1111111001000100000110100
1111111010000100000110101
1111111011000110001010110
1111111100000110000110111
1111111101000110001011000
1111111110000100000111001
1111111111000100000111010
1111110000000100000100000
