0000000000000000001000001
0001000000000000000000001
0010000000000000001000001
0011000000000000000000001
0100000000000000001000001
0101000000000000000000001
0110000000000000001000001
0111000000000000000000001
1100000000000010000100000
0000000000000000001100010
0001000000000000000000010
0010000000000000000100010
0011000000000000000000010
0100000000000000010100010
0101000000000000000000010
0110000000000000011100010
0111000000000000000000010
1100000000000010000100000
0000000000000000010000011
0001000000000000000000011
0010000000000000000000011
0011000000000000000000011
0100000000000000001000011
0101000000000000001000011
0110000000000000001100011
0111000000000000000100011
1100000000000010000100000
1000010100100111001010001
1000110100100111001010001
1001010100100111001010001
1001110100100111001010001
1010010100100111001010001
1010110100100111001010001
1011010100100111001010001
1011110100100111001010001
1111110000100101000110100
1111110001100111000110100
1111110010100101000110100
1111110011100101000110100
1111110100100101000110100
1111110101100111001010100
1111110110100111000110100
1111110111100111000110100
1111111000100111001010100
1111111001100101000110100
1111111010100101000110100
1111111011100111001010100
1111111100100111000110100
1111111101100111001010100
1111111110100101000110100
1111111111100101000110100