0010000000000011000010001
0000000000000011000110001
0010000000000011001010001
0000000000000011001110001
0010000000000011010010001
0000000000000011010110001
0010000000000011011010001
0000000000000011011110001
0011000000000011000010010
0000000000000011000110010
0001000000000011001010010
0000000000000011001110010
0101000000000011010010010
0000000000000011010110010
0111000000000011011010010
0000000000000011011110010
0100000000000011000010011
0000000000000011000110011
0000000000000011001010011
0000000000000011001110011
0010000000000011010010011
0010000000000011010110011
0011000000000011011010011
0001000000000011011110011
1111110001100111000110100
1111110010100101000110100
1111110011100101000110100
1111110100100101000110100
1111110101100111001010100
1111110110100111000110100
1111110111100111000110100
1111111000100111001010100
1111111001100101000110100
1111111010100101000110100
1111111011100111001010100
1111111100100111000110100
1111111101100111001010100
1111111110100101000110100
1111111111100101000110100
